789 499
46003 211
89783 197
54261 68915
645 567
2187 949
93963 117
769 2763
205 763
24697 309
19019 989
21963 193
83875 331
473 15199
59049 223
617 785
64225 88729
709 2601
601 911
81 45705
249 9
803 513
423 767
5533 275
4565 353
145 571
729 19719
65597 3
6561 349
981 95
88125 48151
237 13675
617 60713
43 29599
39187 28637
787 35919
6561 96053
39431 689
54105 81
13787 5447
60817 357
453 695
36157 659
475 901
18079 319
175 89517
1 13839
98939 911
81 697
915 79879
925 965
4909 66077
3 979
72423 85531
349 6561
241 6561
38339 40221
65883 59049
40363 40585
565 419
243 91071
51113 59889
67965 34069
53603 197
53473 217
17089 88915
46561 267
94329 76069
905 61081
369 50133
453 29911
13973 377
231 3305
95 76137
6561 20091
36095 62937
123 911
379 23389
273 669
4225 129
243 213
60109 419
59023 899
841 58189
26941 95675
635 8585
7 7
