2
8
38
54
60
74
74
78
88
128
132
146
146
156
168
180
190
198
240
258
274
276
280
282
288
316
324
332
338
342
358
362
382
390
408
414
424
434
444
454
460
474
488
500
502
506
526
540
578
600
602
618
624
638
640
642
642
646
650
652
674
692
694
694
698
702
704
708
718
720
724
746
752
758
766
766
774
774
782
782
794
796
800
824
828
838
844
858
878
892
900
936
950
956
978
994
1482
4150
4524
5254
5298
5920
6068
6142
6216
6218
6256
6568
6586
7104
7622
7638
7792
7992
8446
9028
9916
10730
10730
11598
11618
11692
11942
12136
13320
13948
14060
14856
15096
16506
16548
18130
18500
19102
19536
19536
19924
20054
20868
20868
20942
21016
21386
21830
21948
22268
23064
23310
24124
24494
24752
25104
25352
25382
25826
25900
25974
26344
26788
26788
27306
27774
28638
29042
29156
29564
29674
30340
30710
31968
32116
32190
33078
33152
33448
33448
33706
33966
34632
34706
35002
36334
36914
37686
38370
38480
39030
39146
40996
41958
42180
42920
42920
43142
44400
44706
44844
45436
45436
46096
46244
46280
47064
47212
48470
48618
49096
50172
50180
51032
51134
51726
51728
51948
52092
52314
53280
53396
53734
55130
55356
55482
55500
55500
55648
55742
56092
56536
57350
57498
57794
57794
58164
58274
59126
59126
59616
59622
59792
60014
61212
61652
63344
64402
65146
65518
65564
65712
65712
66082
66266
67812
67994
69338
69486
69634
70152
70676
71166
71676
72150
72372
73438
74444
74814
75406
76010
76664
78514
78514
78810
78958
79106
79476
80068
80194
81326
81896
82288
82702
82806
82984
83102
83176
83252
83398
83730
83746
83842
84212
84730
85174
85618
85776
86012
86392
86728
87548
87764
88282
88686
89170
90280
90724
90724
90798
92278
93240
93414
93832
94566
94940
94956
95404
95460
95904
96052
96274
96940
97236
98198
98272
98530
98774
98790
98790
99604
